/home/user/miniconda/envs/py36/lib/python3.6/site-packages/gym/logger.py:30: UserWarning: [33mWARN: Box bound precision lowered by casting to float32[0m
  warnings.warn(colorize('%s: %s'%('WARN', msg % args), 'yellow'))
  0%|                                                                                                                                                                              | 0/1000 [00:00<?, ?it/s]them [-4.323955684393255e-05, -0.2704913952787948, -0.007464040867832012, -0.02347544785125999, -0.1866065258046149, -0.11914046149868796, -0.007214161444011414, -0.034919866989311286, -0.07544857561475773, -0.07778182814526283]
me [array([-4.32395568e-05]), array([-0.2704914]), array([-0.00746404]), array([-0.02347545]), array([-0.18660653]), array([-0.11914046]), array([-0.00721416]), array([-0.03491987]), array([-0.07544858]), array([-0.07778183])]
diff [[ 0.         -0.27044816 -0.0074208  ... -0.03842118 -0.06410628
  -0.17831922]
 [ 0.27044816  0.          0.26302735 ...  0.23202697  0.20634187
   0.09212894]
 [ 0.0074208  -0.26302735  0.         ... -0.03100038 -0.05668548
  -0.17089842]
 ...
 [ 0.03842118 -0.23202697  0.03100038 ...  0.         -0.0256851
  -0.13989803]
 [ 0.06410628 -0.20634187  0.05668548 ...  0.0256851   0.
  -0.11421294]
 [ 0.17831922 -0.09212894  0.17089842 ...  0.13989803  0.11421294
   0.        ]]
  0%|â–                                                                                                                                                                   | 1/1000 [00:15<4:21:15, 15.69s/it]them [-2.2499604725927385, -6.608987749214066, -44.1431650830873, -8.58296464082414, -74.28287410922385, -61.21381836662804, -2.6297599504036047, -27.79725310044014, -23.61253624666133, -3.3082534724764856]
me [array([-2.24996047]), array([-6.60898775]), array([-44.14316508]), array([-8.58296464]), array([-74.28287411]), array([-61.21381837]), array([-2.62975995]), array([-27.7972531]), array([-23.61253625]), array([-3.30825347])]
diff [[  0.          -4.35902728 -41.89320461 ...   1.69244818 -39.40797007
  -35.48431432]
 [  4.35902728   0.         -37.53417733 ...   6.05147546 -35.04894279
  -31.12528704]
 [ 41.89320461  37.53417733   0.         ...  43.58565279   2.48523454
    6.40889029]
 ...
 [ -1.69244818  -6.05147546 -43.58565279 ...   0.         -41.10041825
  -37.1767625 ]
 [ 39.40797007  35.04894279  -2.48523454 ...  41.10041825   0.
    3.92365575]
 [ 35.48431432  31.12528704  -6.40889029 ...  37.1767625   -3.92365575
    0.        ]]
  0%|â–Ž                                                                                                                                                                   | 2/1000 [00:17<3:10:06, 11.43s/it]them [-0.09998425307281344, -0.10002885072868253, -0.10001478249816956, -0.1000033378879607, -0.10003829368911853, -0.10002749155137423, -0.10007635619913913, -0.09993301560030546, -0.10007773955951507, -0.10000989461577917]
me [array([-0.09998425]), array([-0.10002885]), array([-0.10001478]), array([-0.10000334]), array([-0.10003829]), array([-0.10002749]), array([-0.10007636]), array([-0.09993302]), array([-0.10007774]), array([-0.10000989])]
diff [[ 0.00000000e+00 -4.45976559e-05 -3.05294254e-05 ... -4.33810417e-03
   2.90688334e-03 -5.16264307e-03]
 [ 4.45976559e-05  0.00000000e+00  1.40682305e-05 ... -4.29350651e-03
   2.95148099e-03 -5.11804541e-03]
 [ 3.05294254e-05 -1.40682305e-05  0.00000000e+00 ... -4.30757474e-03
   2.93741276e-03 -5.13211364e-03]
 ...
 [ 4.33810417e-03  4.29350651e-03  4.30757474e-03 ...  0.00000000e+00
   7.24498751e-03 -8.24538895e-04]
 [-2.90688334e-03 -2.95148099e-03 -2.93741276e-03 ... -7.24498751e-03
   0.00000000e+00 -8.06952640e-03]
 [ 5.16264307e-03  5.11804541e-03  5.13211364e-03 ...  8.24538895e-04
   8.06952640e-03  0.00000000e+00]]
  0%|â–                                                                                                                                                                   | 3/1000 [00:18<2:20:31,  8.46s/it]them [-0.10001900286344068, -0.09999684097877584, -0.09999499327250874, -0.09999537473304941, -0.10000066757313562, -0.10000145435862039, -0.10000312330777349, -0.09999872446466931, -0.1000005722054084, -0.10000376704902579]
me [array([-0.100019]), array([-0.09999684]), array([-0.09999499]), array([-0.09999537]), array([-0.10000067]), array([-0.10000145]), array([-0.10000312]), array([-0.09999872]), array([-0.10000057]), array([-0.10000377])]
diff [[ 0.00000000e+00  2.21618847e-05  2.40095909e-05 ...  1.55219219e-05
   1.54265528e-05  1.00000020e+02]
 [-2.21618847e-05  0.00000000e+00  1.84770627e-06 ... -6.63996277e-06
  -6.73533189e-06  9.99999975e+01]
 [-2.40095909e-05 -1.84770627e-06  0.00000000e+00 ... -8.48766904e-06
  -8.58303815e-06  9.99999956e+01]
 ...
 [-1.55219219e-05  6.63996277e-06  8.48766904e-06 ...  0.00000000e+00
  -9.53691142e-08  1.00000004e+02]
 [-1.54265528e-05  6.73533189e-06  8.58303815e-06 ...  9.53691142e-08
   0.00000000e+00  1.00000004e+02]
 [-1.96585135e-05  2.50337121e-06  4.35107747e-06 ... -4.13659156e-06
  -4.23196068e-06  1.00000000e+02]]
  0%|â–‹                                                                                                                                                                   | 4/1000 [00:19<1:43:27,  6.23s/it]them [-0.09999704363146976, -0.10000095367659015, -0.1000005483634837, -0.10000069141507453, -0.1000002145768363, -0.1000008583087265, -0.1000018835156439, -0.1000008583087265, -0.10000350478382103, -0.10000355246837814]
me [array([-0.09999704]), array([-0.10000095]), array([-0.10000055]), array([-0.10000069]), array([-0.10000021]), array([-0.10000086]), array([-0.10000188]), array([-0.10000086]), array([-0.1000035]), array([-0.10000355])]
diff [[ 0.00000000e+00 -3.91004512e-06 -3.50473201e-06 ... -4.97768970e-02
  -2.67952086e+02 -2.31663513e+02]
 [ 3.91004512e-06  0.00000000e+00  4.05313106e-07 ... -4.97729870e-02
  -2.67952082e+02 -2.31663509e+02]
 [ 3.50473201e-06 -4.05313106e-07  0.00000000e+00 ... -4.97733923e-02
  -2.67952082e+02 -2.31663510e+02]
 ...
 [ 4.97768970e-02  4.97729870e-02  4.97733923e-02 ...  0.00000000e+00
  -2.67902309e+02 -2.31613736e+02]
 [ 2.67952086e+02  2.67952082e+02  2.67952082e+02 ...  2.67902309e+02
   0.00000000e+00  3.62885722e+01]
 [ 2.31663513e+02  2.31663509e+02  2.31663510e+02 ...  2.31613736e+02
  -3.62885722e+01  0.00000000e+00]]
  0%|â–Š                                                                                                                                                                   | 5/1000 [00:21<1:20:02,  4.83s/it]them [-0.10011945952142157, -0.0999996662142678, -0.10000545985998457, -0.09999932050820384, -0.1000007867828586, -0.10000050067964282, -0.1000028133590206, -0.09999692442397788, -0.09999765159078358, -0.1000007867828586]
me [array([-0.10011946]), array([-0.09999967]), array([-0.10000546]), array([-0.09999932]), array([-0.10000079]), array([-0.1000005]), array([-0.10000281]), array([-0.09999692]), array([-0.09999765]), array([-0.10000079])]
diff [[ 0.00000000e+00  1.19793307e-04  1.13999661e-04 ... -4.70354245e+02
  -2.20351200e+01 -2.05642510e+02]
 [-1.19793307e-04  0.00000000e+00 -5.79364572e-06 ... -4.70354364e+02
  -2.20352398e+01 -2.05642630e+02]
 [-1.13999661e-04  5.79364572e-06  0.00000000e+00 ... -4.70354359e+02
  -2.20352340e+01 -2.05642624e+02]
 ...
 [ 4.70354245e+02  4.70354364e+02  4.70354359e+02 ...  0.00000000e+00
   4.48319125e+02  2.64711735e+02]
 [ 2.20351200e+01  2.20352398e+01  2.20352340e+01 ... -4.48319125e+02
   0.00000000e+00 -1.83607390e+02]
 [ 3.05642510e+02  3.05642630e+02  3.05642624e+02 ... -1.64711735e+02
   2.83607390e+02  1.00000000e+02]]
  1%|â–‰                                                                                                                                                                     | 6/1000 [00:21<59:25,  3.59s/it]them [-643.7384757928144, -100.94517016554164, -137.31086689569057, -0.29519268403894333, -567.2787452393735, -195.7218251651517, -31.47179458919127, -11.054020403375127, -31.708439785006703, -0.4893852776049471]
me [array([-643.73847579]), array([-100.94517017]), array([-137.3108669]), array([-0.29519268]), array([-567.27874524]), array([-195.72182517]), array([-31.47179459]), array([-11.0540204]), array([-31.70843979]), array([-0.48938528])]
diff [[    0.           542.79330563   506.4276089  ...  -954.93614765
    467.40768287   533.48367142]
 [ -542.79330563     0.           -36.36569673 ... -1497.72945328
    -75.38562276    -9.3096342 ]
 [ -506.4276089     36.36569673     0.         ... -1461.36375655
    -39.01992603    27.05606253]
 ...
 [  954.93614765  1497.72945328  1461.36375655 ...     0.
   1422.34383052  1488.41981908]
 [ -467.40768287    75.38562276    39.01992603 ... -1422.34383052
      0.            66.07598855]
 [ -433.48367142   109.3096342     72.94393747 ... -1388.41981908
     33.92401145   100.        ]]
  1%|â–ˆâ–                                                                                                                                                                    | 7/1000 [00:22<46:26,  2.81s/it]them [-1049.4845092028613, -349.5988917101655, -1979.8013477795757, -2325.7944061610847, -92.14690735023615, -136.88735380768776, -6662.235567979608, -1736.975261606858, -403.21342133251164, -248.778009068525]
me [array([-1049.4845092]), array([-349.59889171]), array([-1979.80134778]), array([-2325.79440616]), array([-92.14690735]), array([-136.88735381]), array([-6662.23556798]), array([-1736.97526161]), array([-403.21342133]), array([-248.77800907])]
diff [[    0.           699.88561749  -930.31683858 ... -8972.01014122
    199.5619247    970.24792501]
 [ -699.88561749     0.         -1630.20245607 ... -9671.89575871
   -500.3236928    270.36230752]
 [  930.31683858  1630.20245607     0.         ... -8041.69330264
   1129.87876327  1900.56476359]
 ...
 [ 8972.01014122  9671.89575871  8041.69330264 ...     0.
   9171.57206592  9942.25806623]
 [ -199.5619247    500.3236928  -1129.87876327 ... -9171.57206592
      0.           770.68600032]
 [ -870.24792501  -170.36230752 -1800.56476359 ... -9842.25806623
   -670.68600032   100.        ]]
  1%|â–ˆâ–Ž                                                                                                                                                                    | 8/1000 [00:24<39:02,  2.36s/it]them [-901.4200925276615, -8484.019761514757, -3453.3725315332413, -809.8536137921969, -2471.520690422529, -3584.9888454400934, -1712.404423977458, -10034.599073589221, -1.4667281370566572, -3803.251639313274]
me [array([-901.42009253]), array([-8484.01976151]), array([-3453.37253153]), array([-809.85361379]), array([-2471.52069042]), array([-3584.98884544]), array([-1712.40442398]), array([-10034.59907359]), array([-1.46672814]), array([-3803.25163931])]
diff [[    0.         -7582.59966899 -2551.95243901 ...   231.31899396
    -56.28685783 -9423.96026813]
 [ 7582.59966899     0.          5030.64722998 ...  7813.91866294
   7526.31281116 -1841.36059914]
 [ 2551.95243901 -5030.64722998     0.         ...  2783.27143296
   2495.66558118 -6872.00782912]
 ...
 [ -231.31899396 -7813.91866294 -2783.27143296 ...     0.
   -287.60585178 -9655.27926208]
 [   56.28685783 -7526.31281116 -2495.66558118 ...   287.60585178
      0.         -9367.6734103 ]
 [ 9423.96026813  1841.36059914  6872.00782912 ...  9655.27926208
   9367.6734103      0.        ]]
  1%|â–ˆâ–                                                                                                                                                                    | 9/1000 [00:25<34:48,  2.11s/it]them [-17945.60204377808, -100.30774615892588, -585.9224343809823, -1970.3225765973564, -2044.6399130556733, -851.2915991570394, -3141.115828537941, -598.3239435102383, -6550.7292207023365, -2399.16682157109]
me [array([-17945.60204378]), array([-100.30774616]), array([-585.92243438]), array([-1970.3225766]), array([-2044.63991306]), array([-851.29159916]), array([-3141.11582854]), array([-598.32394351]), array([-6550.7292207]), array([-2399.16682157])]
diff [[     0.          17845.29429762  17359.6796094  ...  16047.75358932
   17627.39095451   9594.86373144]
 [-17845.29429762      0.           -485.61468822 ...  -1797.54070829
    -217.90334311  -8250.43056618]
 [-17359.6796094     485.61468822      0.         ...  -1311.92602007
     267.71134512  -7764.81587796]
 ...
 [-16047.75358932   1797.54070829   1311.92602007 ...      0.
    1579.63736519  -6452.88985789]
 [-17627.39095451    217.90334311   -267.71134512 ...  -1579.63736519
       0.          -8032.52722308]
 [ -9594.86373144   8250.43056618   7764.81587796 ...   6452.88985789
    8032.52722308      0.        ]]
  1%|â–ˆâ–‹                                                                                                                                                                   | 10/1000 [00:27<31:59,  1.94s/it]them [-661.6914890740068, -2.8638384199297438, -86.9008972423384, -4137.670971590654, -24721.753282450234, -111.49198266707972, -13581.498981300836, -267.1484874961956, -1046.6395823277767, -952.3835678248724]
me [array([-661.69148907]), array([-2.86383842]), array([-86.90089724]), array([-4137.67097159]), array([-24721.75328245]), array([-111.49198267]), array([-13581.4989813]), array([-267.1484875]), array([-1046.63958233]), array([-952.38356782])]
diff [[     0.            658.82765065    574.79059183 ... -17134.49413875
     114.07918127  -1280.93136606]
 [  -658.82765065      0.            -84.03705882 ... -17793.3217894
    -544.74846939  -1939.75901672]
 [  -574.79059183     84.03705882      0.         ... -17709.28473058
    -460.71141057  -1855.72195789]
 ...
 [ 17134.49413875  17793.3217894   17709.28473058 ...      0.
   17248.57332001  15853.56277269]
 [  -114.07918127    544.74846939    460.71141057 ... -17248.57332001
       0.          -1395.01054733]
 [  1280.93136606   1939.75901672   1855.72195789 ... -15853.56277269
    1395.01054733      0.        ]]
  1%|â–ˆâ–Š                                                                                                                                                                   | 11/1000 [00:28<30:00,  1.82s/it]them [-102.83351449720213, -1383.2033281887184, -16679.411956000702, -638.4727140194796, -11946.737836171036, -4586.835020810459, -7406.5286963881, -14419.091802433506, -5724.445417533652, -1009.1861918348877]
me [array([-102.8335145]), array([-1383.20332819]), array([-16679.411956]), array([-638.47271402]), array([-11946.73783617]), array([-4586.83502081]), array([-7406.52869639]), array([-14419.09180243]), array([-5724.44541753]), array([-1009.18619183])]
diff [[     0.          -1280.36981369 -16576.5784415  ...  -3232.37282517
     102.62133702   -321.67860292]
 [  1280.36981369      0.         -15296.20862781 ...  -1952.00301148
    1382.99115071    958.69121077]
 [ 16576.5784415   15296.20862781      0.         ...  13344.20561633
   16679.19977853  16254.89983858]
 ...
 [  3232.37282517   1952.00301148 -13344.20561633 ...      0.
    3334.99416219   2910.69422225]
 [  -102.62133702  -1382.99115071 -16679.19977853 ...  -3334.99416219
       0.           -424.29993995]
 [   321.67860292   -958.69121077 -16254.89983858 ...  -2910.69422225
     424.29993995      0.        ]]
  1%|â–ˆâ–‰                                                                                                                                                                   | 12/1000 [00:30<28:43,  1.74s/it]them [-1967.0597514929484, -345.9706651282046, -86.75251103747324, -804.176353127748, -8213.683466371987, -1108.9797077417375, -2456.219664271013, -183.80134316162585, -6223.318027800415, -5859.774808561453]
me [array([-1967.05975149]), array([-345.97066513]), array([-86.75251104]), array([-804.17635313]), array([-8213.68346637]), array([-1108.97970774]), array([-2456.21966427]), array([-183.80134316]), array([-6223.3180278]), array([-5859.77480856])]
diff [[    0.          1621.08908636  1880.30724046 ...  1963.37358697
   1967.0545954   1952.94186285]
 [-1621.08908636     0.           259.21815409 ...   342.28450061
    345.96550904   331.85277648]
 [-1880.30724046  -259.21815409     0.         ...    83.06634652
     86.74735495    72.63462239]
 ...
 [-1963.37358697  -342.28450061   -83.06634652 ...     0.
      3.68100843   -10.43172412]
 [-1967.0545954   -345.96550904   -86.74735495 ...    -3.68100843
      0.           -14.11273256]
 [-1952.94186285  -331.85277648   -72.63462239 ...    10.43172412
     14.11273256     0.        ]]
  1%|â–ˆâ–ˆâ–                                                                                                                                                                  | 13/1000 [00:32<27:45,  1.69s/it]them [-0.10000154972676825, -0.10000047683772664, -0.09999741317514613, -0.10000181198940937, -0.09999895096100318, -0.10000402931457444, -0.09999850988943174, -0.09999918937847384, -0.10000064373119955, -0.09993910524721948]
me [array([-0.10000155]), array([-0.10000048]), array([-0.09999741]), array([-0.10000181]), array([-0.09999895]), array([-0.10000403]), array([-0.09999851]), array([-0.09999919]), array([-0.10000064]), array([-0.09993911])]
diff [[ 0.00000000e+00  1.07288904e-06  4.13655162e-06 ...  4.89947975e-06
   2.22921856e-06  2.59876577e-06]
 [-1.07288904e-06  0.00000000e+00  3.06366258e-06 ...  3.82659071e-06
   1.15632952e-06  1.52587672e-06]
 [-4.13655162e-06 -3.06366258e-06  0.00000000e+00 ...  7.62928130e-07
  -1.90733306e-06 -1.53778586e-06]
 ...
 [-4.89947975e-06 -3.82659071e-06 -7.62928130e-07 ...  0.00000000e+00
  -2.67026119e-06 -2.30071399e-06]
 [-2.22921856e-06 -1.15632952e-06  1.90733306e-06 ...  2.67026119e-06
   0.00000000e+00  3.69547201e-07]
 [-2.59876577e-06 -1.52587672e-06  1.53778586e-06 ...  2.30071399e-06
  -3.69547201e-07  0.00000000e+00]]
